1 0.26796875 0.775 0.1953125 0.175
1 0.459375 0.75703125 0.16875 0.1828125
1 0.53125 0.16953125 0.16875 0.21875
1 0.82421875 0.40234375 0.1296875 0.253125
0 0.28125 0.5296875 0.13125 0.246875
0 0.29453125 0.2859375 0.09375 0.190625
0 0.5828125 0.5890625 0.09375 0.190625
0 0.70078125 0.71640625 0.146875 0.2203125
0 0.571875 0.3765625 0.1875 0.2
0 0.43515625 0.571875 0.1875 0.159375
0 0.40234375 0.36875 0.1078125 0.20625
0 0.7078125 0.3796875 0.084375 0.15
0 0.39296875 0.1921875 0.0796875 0.115625