1 0.225 0.26796875 0.175 0.1953125
1 0.24296875 0.459375 0.1828125 0.16875
1 0.83046875 0.53125 0.21875 0.16875
1 0.59765625 0.82421875 0.253125 0.1296875
0 0.4703125 0.28125 0.246875 0.1296875
0 0.7140625 0.29453125 0.190625 0.09375
0 0.4109375 0.5828125 0.1921875 0.09375
0 0.28359375 0.70078125 0.2203125 0.146875
0 0.6234375 0.571875 0.2 0.1875
0 0.428125 0.43515625 0.159375 0.1875
0 0.63125 0.40234375 0.20625 0.1078125
0 0.6203125 0.7078125 0.15 0.084375
0 0.8078125 0.39296875 0.115625 0.0796875